 0 1 0
 0.01 0.999805 -0.0386355
 0.02 0.99924 -0.0741737
 0.03 0.998334 -0.106842
 0.04 0.997114 -0.136852
 0.05 0.995607 -0.164399
 0.06 0.993836 -0.189664
 0.07 0.991822 -0.212817
 0.08 0.989587 -0.234014
 0.09 0.987149 -0.253398
 0.1 0.984526 -0.271105
 0.11 0.981734 -0.287259
 0.12 0.978787 -0.301976
 0.13 0.9757 -0.315362
 0.14 0.972485 -0.327517
 0.15 0.969154 -0.338534
 0.16 0.965718 -0.348496
 0.17 0.962188 -0.357484
 0.18 0.958572 -0.365571
 0.19 0.95488 -0.372825
 0.2 0.951119 -0.379309
 0.21 0.947297 -0.385081
 0.22 0.94342 -0.390196
 0.23 0.939495 -0.394704
 0.24 0.935528 -0.398652
 0.25 0.931524 -0.402082
 0.26 0.927489 -0.405035
 0.27 0.923426 -0.407547
 0.28 0.919339 -0.409654
 0.29 0.915234 -0.411387
 0.3 0.911113 -0.412775
 0.31 0.90698 -0.413846
 0.32 0.902837 -0.414624
 0.33 0.898688 -0.415135
 0.34 0.894536 -0.415399
 0.35 0.890381 -0.415436
 0.36 0.886228 -0.415265
 0.37 0.882077 -0.414904
 0.38 0.87793 -0.414368
 0.39 0.87379 -0.413672
 0.4 0.869658 -0.41283
 0.41 0.865534 -0.411854
 0.42 0.861421 -0.410757
 0.43 0.857319 -0.409548
 0.44 0.85323 -0.408239
 0.45 0.849155 -0.406838
 0.46 0.845094 -0.405354
 0.47 0.841048 -0.403795
 0.48 0.837018 -0.402169
 0.49 0.833005 -0.400481
 0.5 0.829009 -0.398739
 0.51 0.825031 -0.396948
 0.52 0.82107 -0.395113
 0.53 0.817128 -0.39324
 0.54 0.813206 -0.391332
 0.55 0.809302 -0.389395
 0.56 0.805418 -0.387432
 0.57 0.801553 -0.385446
 0.58 0.797709 -0.383442
 0.59 0.793885 -0.381421
 0.6 0.790081 -0.379387
 0.61 0.786297 -0.377342
 0.62 0.782534 -0.375289
 0.63 0.778791 -0.373229
 0.64 0.775069 -0.371166
 0.65 0.771368 -0.3691
 0.66 0.767687 -0.367033
 0.67 0.764027 -0.364967
 0.68 0.760388 -0.362904
 0.69 0.756769 -0.360843
 0.7 0.753171 -0.358788
 0.71 0.749593 -0.356738
 0.72 0.746036 -0.354695
 0.73 0.742499 -0.352659
 0.74 0.738983 -0.350632
 0.75 0.735487 -0.348614
 0.76 0.732011 -0.346606
 0.77 0.728555 -0.344608
 0.78 0.725118 -0.342621
 0.79 0.721702 -0.340645
 0.8 0.718305 -0.338681
 0.81 0.714928 -0.336729
 0.82 0.711571 -0.33479
 0.83 0.708233 -0.332863
 0.84 0.704913 -0.33095
 0.85 0.701613 -0.32905
 0.86 0.698332 -0.327163
 0.87 0.69507 -0.32529
 0.88 0.691827 -0.32343
 0.89 0.688602 -0.321584
 0.9 0.685395 -0.319753
 0.91 0.682206 -0.317935
 0.92 0.679036 -0.316131
 0.93 0.675884 -0.314342
 0.94 0.672749 -0.312566
 0.95 0.669632 -0.310805
 0.96 0.666533 -0.309058
 0.97 0.663451 -0.307324
 0.98 0.660386 -0.305605
 0.99 0.657339 -0.3039
 1 0.654308 -0.302209
 1.01 0.651295 -0.300531
 1.02 0.648298 -0.298868
 1.03 0.645317 -0.297218
 1.04 0.642353 -0.295582
 1.05 0.639406 -0.293959
 1.06 0.636474 -0.29235
 1.07 0.633559 -0.290754
 1.08 0.630659 -0.289171
 1.09 0.627775 -0.287602
 1.1 0.624907 -0.286045
 1.11 0.622054 -0.284502
 1.12 0.619217 -0.282971
 1.13 0.616395 -0.281453
 1.14 0.613588 -0.279947
 1.15 0.610796 -0.278454
 1.16 0.608019 -0.276973
 1.17 0.605256 -0.275505
 1.18 0.602508 -0.274049
 1.19 0.599775 -0.272604
 1.2 0.597056 -0.271171
 1.21 0.594352 -0.26975
 1.22 0.591661 -0.268341
 1.23 0.588985 -0.266943
 1.24 0.586322 -0.265557
 1.25 0.583674 -0.264181
 1.26 0.581039 -0.262817
 1.27 0.578417 -0.261464
 1.28 0.575809 -0.260121
 1.29 0.573215 -0.258789
 1.3 0.570633 -0.257468
 1.31 0.568065 -0.256158
 1.32 0.56551 -0.254857
 1.33 0.562968 -0.253567
 1.34 0.560439 -0.252287
 1.35 0.557922 -0.251017
 1.36 0.555419 -0.249757
 1.37 0.552927 -0.248507
 1.38 0.550448 -0.247266
 1.39 0.547982 -0.246035
 1.4 0.545528 -0.244813
 1.41 0.543086 -0.243601
 1.42 0.540656 -0.242397
 1.43 0.538238 -0.241203
 1.44 0.535831 -0.240018
 1.45 0.533437 -0.238842
 1.46 0.531055 -0.237674
 1.47 0.528684 -0.236515
 1.48 0.526324 -0.235365
 1.49 0.523976 -0.234223
 1.5 0.52164 -0.23309
 1.51 0.519314 -0.231965
 1.52 0.517 -0.230848
 1.53 0.514697 -0.229739
 1.54 0.512406 -0.228638
 1.55 0.510125 -0.227545
 1.56 0.507855 -0.22646
 1.57 0.505595 -0.225382
 1.58 0.503347 -0.224312
 1.59 0.501109 -0.22325
 1.6 0.498882 -0.222195
 1.61 0.496665 -0.221147
 1.62 0.494459 -0.220107
 1.63 0.492263 -0.219074
 1.64 0.490077 -0.218048
 1.65 0.487902 -0.217029
 1.66 0.485737 -0.216016
 1.67 0.483582 -0.215011
 1.68 0.481437 -0.214013
 1.69 0.479301 -0.213021
 1.7 0.477176 -0.212035
 1.71 0.475061 -0.211057
 1.72 0.472955 -0.210085
 1.73 0.470859 -0.209119
 1.74 0.468773 -0.208159
 1.75 0.466696 -0.207206
 1.76 0.464628 -0.206259
 1.77 0.462571 -0.205318
 1.78 0.460522 -0.204383
 1.79 0.458483 -0.203454
 1.8 0.456453 -0.202531
 1.81 0.454432 -0.201613
 1.82 0.452421 -0.200702
 1.83 0.450418 -0.199796
 1.84 0.448425 -0.198896
 1.85 0.44644 -0.198001
 1.86 0.444465 -0.197112
 1.87 0.442498 -0.196228
 1.88 0.44054 -0.19535
 1.89 0.438591 -0.194477
 1.9 0.436651 -0.19361
 1.91 0.434719 -0.192747
 1.92 0.432796 -0.19189
 1.93 0.430881 -0.191038
 1.94 0.428975 -0.190191
 1.95 0.427077 -0.189349
 1.96 0.425188 -0.188512
 1.97 0.423307 -0.187679
 1.98 0.421434 -0.186852
 1.99 0.41957 -0.186029
 2 0.417714 -0.185212
